4
4
1 3
3 6
3 8
12 17
10
2 7
1 1
1 1
3 8
3 7
4 9
6 7
1 1
5 5
3 6
50
36 41
63 64
33 36
23 41
49 62
60 63
36 38
2 33
58 63
24 37
60 63
9 10
20 22
64 65
10 35
65 65
39 40
9 28
8 24
62 63
25 34
3 17
24 31
17 17
23 26
9 19
15 20
29 41
25 28
53 60
13 19
25 40
62 64
30 35
16 29
18 19
33 39
20 27
5 41
36 39
59 61
35 36
49 57
50 64
37 41
52 64
50 55
11 36
36 38
25 36
100
203 254
413 433
195 214
252 287
205 232
144 309
303 306
499 507
210 295
423 489
66 119
446 484
367 492
480 495
442 509
288 291
166 229
389 466
221 279
290 305
308 311
55 280
240 288
401 409
485 501
46 193
502 502
220 271
446 482
304 308
230 280
120 197
466 479
12 94
11 293
309 309
262 280
58 59
111 185
67 224
421 460
129 178
244 251
190 211
481 507
302 303
101 147
381 490
311 311
432 467
113 217
389 499
511 513
59 224
420 473
365 403
286 294
283 287
275 306
176 271
442 500
432 512
274 296
506 512
112 218
512 512
472 509
22 258
483 484
508 509
508 512
199 269
212 212
146 311
455 485
31 162
311 311
387 412
170 214
92 201
200 310
390 484
118 150
114 285
362 416
386 480
451 487
219 309
259 266
190 204
3 214
39 52
61 118
38 199
431 440
417 502
310 311
237 280
119 307
32 305

#1 7 4
#2 7 1
#3 39 8
#4 308 51
