36 7
0 67 10 99 71 71 93 7 56 56 20 88 92 29 26 86 90 27 25 63 75 16 21 56 6 85 36 79 87 43 4 6 90 7 5 28 
65 0 12 77 83 27 72 49 50 93 34 66 99 92 75 88 43 61 16 53 85 74 83 69 57 94 67 49 62 51 5 89 81 37 88 79 
79 5 0 9 16 61 75 100 89 19 65 54 3 55 45 83 50 18 41 21 88 99 17 5 56 35 53 14 89 29 88 20 26 67 64 43 
50 1 94 0 48 16 64 100 87 50 69 1 2 21 51 41 32 62 34 65 93 16 58 30 97 78 48 57 88 74 67 26 93 86 82 9 
26 97 11 68 0 6 94 95 63 12 69 32 88 87 34 23 82 23 42 44 100 23 7 74 18 59 7 87 4 84 8 12 50 5 46 13 
34 85 74 67 43 0 10 94 89 54 100 92 56 48 78 44 55 100 36 36 15 81 25 6 80 93 47 44 67 15 46 3 72 78 37 74 
95 19 19 20 3 65 0 52 69 95 15 62 93 69 58 51 41 39 27 40 10 48 47 91 67 55 73 68 70 42 36 17 59 77 42 84 
72 64 31 41 44 95 34 0 8 21 80 81 60 7 50 72 41 23 8 100 28 28 48 96 80 45 90 95 50 100 19 27 40 65 18 14 
99 73 12 31 72 24 62 71 0 96 65 17 72 63 42 29 77 45 20 54 92 49 51 31 97 75 85 20 31 85 75 19 100 1 57 33 
32 97 91 42 10 31 88 38 46 0 59 90 25 22 70 18 42 72 100 77 35 68 66 10 48 78 64 11 13 22 96 43 48 98 20 6 
60 3 76 94 14 92 76 23 30 31 0 8 74 82 85 13 34 81 89 39 84 35 96 87 72 18 39 40 19 76 64 68 11 36 6 20 
85 46 68 84 22 91 88 67 16 11 16 0 59 34 1 96 19 63 77 17 22 86 76 61 28 57 1 32 90 16 77 63 23 1 60 43 
11 94 35 92 30 21 98 51 3 14 71 72 0 38 73 74 40 56 46 6 82 32 2 75 8 61 88 37 5 51 96 90 85 74 79 44 
36 22 40 42 46 64 4 23 27 99 96 54 2 0 2 35 11 19 29 13 14 1 14 24 52 13 83 36 62 65 49 10 45 60 7 37 
74 99 51 67 33 51 15 83 45 79 100 65 77 8 0 39 59 34 55 5 46 40 60 33 65 6 93 67 45 46 28 24 88 28 36 99 
24 93 93 74 34 7 47 41 80 39 69 85 23 16 86 0 45 77 2 100 26 69 13 47 21 43 7 88 85 14 67 26 1 25 79 85 
34 62 100 86 45 49 45 46 68 97 38 14 39 62 54 41 0 89 50 43 8 22 17 36 7 11 47 86 5 4 81 15 78 98 86 17 
11 21 35 63 66 96 17 49 90 82 43 28 81 31 19 88 96 0 43 49 89 75 62 61 83 45 49 32 42 46 72 7 48 75 69 31 
5 10 15 68 58 7 23 91 5 2 95 33 4 63 44 42 6 98 0 73 14 85 90 100 11 46 47 41 71 15 2 80 92 3 46 80 
41 75 93 73 70 83 37 66 23 79 100 12 1 7 73 85 5 16 19 0 76 49 69 58 24 68 40 84 67 98 70 30 53 44 78 44 
65 41 72 79 39 37 37 36 55 84 64 43 81 43 36 14 58 2 93 47 0 22 65 45 17 37 93 32 34 39 26 73 96 55 59 34 
97 79 31 30 67 42 85 62 14 18 18 70 93 45 23 56 98 2 11 16 33 0 83 82 66 53 45 14 70 84 90 4 47 90 30 42 
10 93 97 56 67 4 92 64 72 45 98 91 76 46 45 93 39 99 93 32 1 100 0 56 16 72 50 74 57 2 36 71 49 97 86 67 
43 100 86 74 61 67 61 100 82 87 53 34 15 97 20 10 3 75 43 31 48 51 36 0 73 89 74 73 27 8 76 50 25 56 58 20 
76 32 43 71 92 65 36 93 30 58 42 40 34 52 82 34 67 7 78 55 68 32 53 19 0 57 60 93 96 67 31 24 54 83 77 85 
37 38 71 91 31 65 81 22 67 59 62 24 13 71 68 91 23 6 50 46 15 34 48 33 69 0 80 66 61 88 23 76 79 96 61 92 
96 51 14 52 53 84 98 13 27 39 56 16 57 59 53 100 41 20 1 1 9 53 72 19 83 5 0 27 22 11 84 6 84 83 56 89 
87 79 9 58 78 94 26 42 46 44 52 65 65 74 84 11 53 99 100 16 81 17 46 4 50 63 9 0 8 28 28 4 16 47 48 60 
1 92 77 72 24 2 53 63 59 26 65 37 88 90 53 98 100 65 42 3 2 40 53 14 64 35 59 37 0 20 3 72 62 15 51 43 
30 71 36 14 86 75 58 82 100 99 3 10 38 75 50 84 56 76 52 28 81 89 10 20 84 8 36 27 43 0 45 47 14 3 90 13 
24 17 40 61 77 13 48 65 17 85 14 40 18 69 22 23 35 56 60 52 35 29 86 40 90 99 27 33 21 53 0 66 8 83 62 42 
67 50 100 21 91 48 67 12 36 4 93 77 69 88 96 8 57 12 8 74 89 35 61 52 56 80 22 54 78 84 55 0 27 69 82 77 
99 77 78 88 94 32 46 2 85 80 30 57 90 13 8 8 29 99 71 34 36 93 55 44 87 85 57 74 29 86 3 71 0 17 96 15 
84 36 55 100 18 29 98 41 63 86 73 61 38 19 33 3 90 89 47 27 1 68 43 60 93 72 34 63 39 41 62 95 30 0 41 50 
7 86 2 70 29 77 67 80 93 95 47 94 69 5 4 82 90 65 11 72 87 28 41 90 52 49 47 10 26 4 1 67 17 37 0 3 
57 70 64 94 78 38 92 30 37 75 59 40 26 57 94 33 38 96 97 75 57 20 61 52 41 44 84 33 13 67 57 73 33 72 96 0 


# 14
1 35 14 7
